1 0.0515625 0.5 0.08515625 1
1 0.13203125 0.5 0.0703125 1
1 0.6734375 0.51171875 0.08046875 0.9765625
1 0.36796875 0.51328125 0.1203125 0.9734375
1 0.48359375 0.51328125 0.1359375 0.9734375
1 0.1828125 0.52109375 0.046875 0.9578125
1 0.59765625 0.5265625 0.071875 0.946875
1 0.27421875 0.5328125 0.0703125 0.93359375
1 0.75 0.55078125 0.08671875 0.8984375
1 0.83984375 0.58671875 0.08203125 0.8265625
1 0.93515625 0.596875 0.10546875 0.80625
1 0.2203125 0.58984375 0.03046875 0.8203125
1 0.99296875 0.6359375 0.0140625 0.728125