1 0.821875 0.5265625 0.05859375 0.5515625
1 0.39140625 0.528125 0.06328125 0.534375
1 0.54375 0.52890625 0.05859375 0.56640625
1 0.321875 0.53046875 0.08125 0.53984375
1 0.896875 0.5328125 0.07578125 0.52421875
1 0.46875 0.5328125 0.0890625 0.53125
1 0.96015625 0.53515625 0.0796875 0.53046875
1 0.2484375 0.53984375 0.08046875 0.54453125
1 0.71640625 0.54765625 0.0453125 0.515625
1 0.76640625 0.5578125 0.0546875 0.4984375
1 0.60078125 0.56171875 0.046875 0.50546875
1 0.659375 0.56171875 0.05234375 0.49765625
1 0.17578125 0.575 0.071875 0.4671875
1 0.1109375 0.575 0.05390625 0.48671875
1 0.05234375 0.58125 0.03828125 0.4484375