1 0.2359375 0.48671875 0.0625 0.9734375
1 0.7703125 0.49296875 0.07578125 0.9859375
1 0.2984375 0.4921875 0.05703125 0.98359375
1 0.68984375 0.49453125 0.0921875 0.9890625
1 0.5625 0.50703125 0.05859375 0.96171875
1 0.1171875 0.51640625 0.05390625 0.92265625
1 0.61640625 0.51640625 0.0625 0.91875
1 0.17109375 0.5171875 0.05078125 0.9328125
1 0.0625 0.5234375 0.06484375 0.9453125
1 0.5046875 0.5296875 0.075 0.92890625
1 0.396875 0.53046875 0.05859375 0.93125
1 0.44609375 0.53046875 0.0546875 0.93125
1 0.34765625 0.571875 0.04375 0.82734375