1 0.521875 0.65234375 0.07109375 0.6953125
1 0.58671875 0.6546875 0.0609375 0.690625
1 0.17578125 0.6578125 0.0671875 0.68359375
1 0.4578125 0.6578125 0.0578125 0.68359375
1 0.6421875 0.6609375 0.040625 0.678125
1 0.29921875 0.6609375 0.0578125 0.678125
1 0.40546875 0.6609375 0.04765625 0.678125
1 0.3515625 0.6609375 0.05390625 0.678125
1 0.04453125 0.66328125 0.0765625 0.6734375
1 0.11484375 0.6609375 0.0609375 0.678125
1 0.6875 0.66953125 0.0578125 0.6609375
1 0.8765625 0.66953125 0.07734375 0.6609375
1 0.9546875 0.66953125 0.07109375 0.6609375
1 0.23984375 0.66640625 0.05390625 0.66640625
1 0.8125 0.66640625 0.0578125 0.66640625
1 0.74453125 0.671875 0.0578125 0.65625