1 0.21484375 0.52578125 0.05703125 0.8453125
1 0.14921875 0.53203125 0.06953125 0.81953125
1 0.9140625 0.5484375 0.06171875 0.78671875
1 0.26953125 0.5609375 0.0375 0.77421875
1 0.609375 0.5609375 0.046875 0.73515625
1 0.6640625 0.5609375 0.05234375 0.73515625
1 0.71875 0.5609375 0.046875 0.73515625
1 0.56484375 0.56484375 0.046875 0.7421875
1 0.76171875 0.56484375 0.03984375 0.72890625
1 0.80390625 0.56484375 0.04453125 0.7421875
1 0.31640625 0.56796875 0.0375 0.7484375
1 0.08203125 0.56796875 0.059375 0.7484375
1 0.85 0.56796875 0.0421875 0.73515625
1 0.409375 0.57109375 0.04453125 0.7421875
1 0.4390625 0.57109375 0.0546875 0.72890625
1 0.51328125 0.57109375 0.0546875 0.72890625
1 0.35703125 0.57421875 0.04453125 0.7484375
1 0.48515625 0.57734375 0.0421875 0.7421875