1 0.9578125 0.49765625 0.059375 0.9953125
1 0.9921875 0.49140625 0.015625 0.9828125
1 0.8453125 0.5 0.06484375 1
1 0.24140625 0.5 0.05 1
1 0.28984375 0.5 0.046875 1
1 0.625 0.5 0.0359375 1
1 0.58125 0.5015625 0.046875 0.996875
1 0.78984375 0.50390625 0.06484375 0.9921875
1 0.10703125 0.51171875 0.0328125 0.9765625
1 0.5171875 0.51796875 0.0375 0.9640625
1 0.32890625 0.52265625 0.02890625 0.9546875
1 0.40234375 0.52421875 0.02578125 0.95078125
1 0.184375 0.5265625 0.06484375 0.946875
1 0.54453125 0.5265625 0.03046875 0.946875
1 0.89453125 0.53046875 0.0546875 0.93828125
1 0.353125 0.5328125 0.02421875 0.934375
1 0.434375 0.5328125 0.05234375 0.934375
1 0.478125 0.5390625 0.04609375 0.921875
1 0.13359375 0.54453125 0.0265625 0.9109375
1 0.3734375 0.55078125 0.021875 0.8984375
1 0.7078125 0.56328125 0.02421875 0.87265625
1 0.753125 0.56328125 0.03359375 0.87265625
1 0.66640625 0.565625 0.04921875 0.86875
1 0.7359375 0.565625 0.02890625 0.86875
1 0.05 0.5734375 0.034375 0.85234375
1 0.0796875 0.5734375 0.02265625 0.85234375
1 0.01640625 0.5734375 0.0328125 0.85234375