1 0.18203125 0.60859375 0.03359375 0.66484375
1 0.11015625 0.60859375 0.0390625 0.67421875
1 0.92734375 0.6109375 0.05703125 0.66953125
1 0.84375 0.61328125 0.0421875 0.66484375
1 0.2578125 0.615625 0.04765625 0.66953125
1 0.32734375 0.61796875 0.03359375 0.65625
1 0.40859375 0.61796875 0.04765625 0.65625
1 0.61875 0.61796875 0.03203125 0.65625
1 0.69453125 0.61796875 0.0375 0.65625
1 0.76875 0.61796875 0.0375 0.66484375
1 0.48671875 0.61953125 0.0375 0.66953125
1 0.546875 0.61953125 0.03359375 0.66953125
1 0.06953125 0.621875 0.0390625 0.63828125
1 0.8078125 0.62421875 0.040625 0.63359375
1 0.14609375 0.62421875 0.03046875 0.63359375
1 0.88359375 0.6265625 0.03359375 0.63828125
1 0.44765625 0.63125 0.0375 0.62890625
1 0.36640625 0.63359375 0.03046875 0.62421875
1 0.20859375 0.6359375 0.0125 0.6015625
1 0.5140625 0.6359375 0.025 0.63828125
1 0.58359375 0.6359375 0.03203125 0.63828125
1 0.65546875 0.6359375 0.040625 0.63828125
1 0.73046875 0.6359375 0.028125 0.646875
1 0.290625 0.640625 0.0109375 0.6015625
1 0.221875 0.646875 0.01796875 0.59765625
1 0.2984375 0.646875 0.00859375 0.615625