1 0.93828125 0.5328125 0.05390625 0.9125
1 0.975 0.534375 0.02578125 0.8875
1 0.83671875 0.5359375 0.0578125 0.928125
1 0.296875 0.53828125 0.0453125 0.9234375
1 0.33984375 0.54375 0.0421875 0.9125
1 0.63984375 0.55078125 0.03203125 0.8984375
1 0.6015625 0.5546875 0.040625 0.890625
1 0.78671875 0.55625 0.0578125 0.8875
1 0.99296875 0.5578125 0.0140625 0.86171875
1 0.1765625 0.56328125 0.02890625 0.87265625
1 0.54375 0.56875 0.034375 0.86171875
1 0.375 0.57265625 0.02578125 0.8546875
1 0.440625 0.57421875 0.02265625 0.85078125
1 0.24609375 0.57578125 0.0578125 0.8484375
1 0.56640625 0.57578125 0.0265625 0.8484375
1 0.88046875 0.5796875 0.04921875 0.83984375
1 0.396875 0.58125 0.021875 0.8375
1 0.46875 0.58125 0.046875 0.8375
1 0.5078125 0.58671875 0.040625 0.8265625
1 0.20078125 0.5890625 0.02421875 0.80703125
1 0.415625 0.59765625 0.01875 0.8046875
1 0.7140625 0.60859375 0.021875 0.7828125
1 0.75390625 0.60859375 0.0296875 0.7828125
1 0.67734375 0.6109375 0.04375 0.778125
1 0.7390625 0.6109375 0.02578125 0.778125
1 0.12578125 0.61796875 0.03125 0.76328125
1 0.15234375 0.61796875 0.0203125 0.76328125
1 0.09140625 0.61796875 0.03671875 0.76328125