1 0.93203125 0.53046875 0.028125 0.79140625
1 0.13828125 0.53671875 0.06796875 0.84296875
1 0.428125 0.54609375 0.0234375 0.83671875
1 0.83671875 0.5484375 0.0640625 0.78203125
1 0.2796875 0.5546875 0.046875 0.8078125
1 0.68828125 0.5609375 0.06328125 0.7625
1 0.7640625 0.565625 0.07578125 0.77890625
1 0.484375 0.5671875 0.0359375 0.77578125
1 0.62890625 0.5703125 0.01953125 0.75625
1 0.18671875 0.5734375 0.046875 0.78203125
1 0.36875 0.575 0.04140625 0.753125
1 0.5046875 0.575 0.02578125 0.76640625
1 0.596875 0.575 0.05390625 0.753125
1 0.33046875 0.5765625 0.04921875 0.75
1 0.51796875 0.5765625 0.0296875 0.75
1 0.5375 0.5765625 0.03203125 0.75
1 0.4453125 0.58203125 0.03125 0.746875
1 0.40625 0.58359375 0.04375 0.75
1 0.65078125 0.58359375 0.02265625 0.72421875
1 0.89375 0.58359375 0.04375 0.70546875
1 0.3046875 0.58515625 0.025 0.72734375
1 0.4609375 0.58515625 0.0359375 0.746875
1 0.23125 0.59453125 0.05390625 0.72734375
1 0.06484375 0.59453125 0.04453125 0.78515625
1 0.55703125 0.59921875 0.02265625 0.70546875
1 0.9640625 0.6140625 0.034375 0.63125
1 0.0953125 0.6234375 0.028125 0.71484375
1 0.98984375 0.65234375 0.01953125 0.58671875