1 0.53203125 0.540625 0.06484375 0.59375
1 0.59296875 0.54296875 0.0578125 0.59765625
1 0.18203125 0.54296875 0.05546875 0.63828125
1 0.64296875 0.54453125 0.05546875 0.6015625
1 0.28828125 0.546875 0.05546875 0.63046875
1 0.340625 0.5484375 0.05078125 0.634375
1 0.465625 0.5484375 0.06484375 0.6015625
1 0.096875 0.55078125 0.1015625 0.703125
1 0.23359375 0.553125 0.053125 0.62578125
1 0.40078125 0.5546875 0.06484375 0.60546875
1 0.6921875 0.5546875 0.04375 0.5484375
1 0.7890625 0.5546875 0.0671875 0.540625
1 0.7359375 0.55703125 0.053125 0.553125
1 0.8421875 0.55703125 0.0484375 0.553125
1 0.92421875 0.55703125 0.05078125 0.54453125
1 0.88359375 0.56328125 0.0390625 0.5328125