1 0.06953125 0.6375 0.1203125 0.725
1 0.99140625 0.68046875 0.0171875 0.6390625
1 0.8234375 0.68046875 0.0625 0.6390625
1 0.9546875 0.68046875 0.0625 0.6390625
1 0.415625 0.68671875 0.065625 0.6265625
1 0.353125 0.68671875 0.05859375 0.6265625
1 0.6171875 0.68671875 0.06875 0.6265625
1 0.76171875 0.68984375 0.06875 0.6203125
1 0.284375 0.68671875 0.07265625 0.6265625
1 0.553125 0.68671875 0.065625 0.6265625
1 0.89296875 0.68359375 0.06875 0.63203125
1 0.215625 0.68671875 0.05859375 0.6265625
1 0.4828125 0.68671875 0.06875 0.6265625
1 0.69140625 0.68671875 0.0859375 0.6265625
1 0.15703125 0.6984375 0.0515625 0.603125