1 0.56640625 0.54765625 0.06875 0.63515625
1 0.63203125 0.55 0.06171875 0.6390625
1 0.1921875 0.55 0.059375 0.6828125
1 0.684375 0.55234375 0.059375 0.64375
1 0.30546875 0.5546875 0.059375 0.67421875
1 0.36171875 0.55625 0.05390625 0.678125
1 0.4953125 0.55625 0.06875 0.64375
1 0.10078125 0.55859375 0.10859375 0.75234375
1 0.24765625 0.5609375 0.05703125 0.66953125
1 0.42578125 0.56328125 0.06875 0.64765625
1 0.7375 0.56328125 0.046875 0.58671875
1 0.84140625 0.56328125 0.07109375 0.578125
1 0.784375 0.56484375 0.05703125 0.59140625
1 0.89765625 0.56484375 0.0515625 0.59140625
1 0.97890625 0.56484375 0.0421875 0.5828125
1 0.9421875 0.571875 0.0421875 0.56953125