1 0.5296875 0.46171875 0.05234375 0.78515625
1 0.6140625 0.46171875 0.0375 0.759375
1 0.6859375 0.46484375 0.046875 0.765625
1 0.875 0.46796875 0.0421875 0.771875
1 0.91796875 0.471875 0.0546875 0.753125
1 0.65625 0.475 0.0421875 0.759375
1 0.390625 0.478125 0.046875 0.740625
1 0.42421875 0.478125 0.034375 0.753125
1 0.571875 0.478125 0.046875 0.740625
1 0.734375 0.478125 0.059375 0.753125
1 0.82265625 0.478125 0.0671875 0.740625
1 0.15390625 0.478125 0.01953125 0.740625
1 0.47734375 0.484375 0.05703125 0.753125
1 0.78046875 0.484375 0.05703125 0.753125
1 0.0796875 0.4875 0.034375 0.759375
1 0.11640625 0.4875 0.034375 0.746875
1 0.18203125 0.4875 0.02734375 0.734375
1 0.28046875 0.490625 0.07421875 0.753125
1 0.34453125 0.490625 0.059375 0.753125
1 0.21953125 0.496875 0.0375 0.728125