1 0.184375 0.6265625 0.03515625 0.7
1 0.109375 0.6265625 0.040625 0.709375
1 0.96328125 0.62890625 0.059375 0.7046875
1 0.87578125 0.63125 0.04453125 0.7
1 0.2640625 0.63359375 0.05 0.7046875
1 0.3359375 0.6359375 0.03515625 0.690625
1 0.42109375 0.6359375 0.05 0.690625
1 0.640625 0.6359375 0.03359375 0.690625
1 0.71953125 0.6359375 0.0390625 0.690625
1 0.796875 0.6359375 0.0390625 0.7
1 0.503125 0.63828125 0.0390625 0.7046875
1 0.565625 0.63828125 0.03515625 0.7046875
1 0.06640625 0.640625 0.040625 0.67109375
1 0.83828125 0.64296875 0.04296875 0.66640625
1 0.146875 0.64296875 0.03125 0.66640625
1 0.91796875 0.6453125 0.03515625 0.67109375
1 0.46171875 0.65 0.0390625 0.66171875
1 0.3765625 0.65234375 0.03125 0.65703125
1 0.21171875 0.6546875 0.01328125 0.63359375
1 0.53125 0.6546875 0.02578125 0.67109375
1 0.60390625 0.6546875 0.03359375 0.67109375
1 0.67890625 0.6546875 0.04296875 0.67109375
1 0.75703125 0.6546875 0.0296875 0.68125
1 0.2984375 0.659375 0.0109375 0.63359375
1 0.22578125 0.66640625 0.01875 0.62890625
1 0.30625 0.66640625 0.009375 0.64765625