1 0.6796875 0.596875 0.04609375 0.76875
1 0.8359375 0.60625 0.0359375 0.7375
1 0.8796875 0.6125 0.04609375 0.7125
1 0.00546875 0.61875 0.01015625 0.725
1 0.7421875 0.63125 0.0234375 0.6875
1 0.63984375 0.659375 0.03828125 0.63125
1 0.04453125 0.659375 0.05390625 0.64375
1 0.53203125 0.665625 0.03828125 0.60625
1 0.56953125 0.665625 0.03046875 0.61875
1 0.60859375 0.665625 0.03359375 0.61875
1 0.765625 0.665625 0.028125 0.55625
1 0.7125 0.675 0.03046875 0.6125
1 0.1359375 0.675 0.04140625 0.6125
1 0.79765625 0.68125 0.03046875 0.5875
1 0.09609375 0.68125 0.04375 0.5875
1 0.1796875 0.684375 0.04609375 0.61875
1 0.2125 0.684375 0.03046875 0.60625
1 0.24765625 0.6875 0.03828125 0.5875
1 0.284375 0.690625 0.0515625 0.58125
1 0.3375 0.69375 0.0484375 0.5625
1 0.9203125 0.703125 0.03046875 0.49375
1 0.38359375 0.515625 0.0484375 0.90625
1 0.4875 0.56875 0.04609375 0.8375
1 0.43359375 0.571875 0.05625 0.80625