1 0.13828125 0.6078125 0.0359375 0.70703125
1 0.06171875 0.6078125 0.04140625 0.71640625
1 0.92890625 0.6109375 0.06015625 0.71171875
1 0.83984375 0.61328125 0.0453125 0.70703125
1 0.21875 0.615625 0.05078125 0.71171875
1 0.2921875 0.61796875 0.0359375 0.696875
1 0.37890625 0.61796875 0.05078125 0.696875
1 0.6015625 0.61796875 0.03359375 0.696875
1 0.68125 0.61796875 0.03984375 0.696875
1 0.76015625 0.61796875 0.03984375 0.70703125
1 0.46171875 0.6203125 0.03984375 0.71171875
1 0.525 0.6203125 0.0359375 0.71171875
1 0.01953125 0.621875 0.0390625 0.678125
1 0.8015625 0.625 0.04296875 0.6734375
1 0.10078125 0.625 0.03203125 0.6734375
1 0.8828125 0.62734375 0.0359375 0.678125
1 0.4203125 0.63203125 0.03984375 0.66796875
1 0.33359375 0.634375 0.03203125 0.66328125
1 0.16640625 0.63671875 0.01328125 0.6390625
1 0.490625 0.63671875 0.0265625 0.678125
1 0.5640625 0.63671875 0.03359375 0.678125
1 0.63984375 0.63671875 0.04296875 0.678125
1 0.7203125 0.63671875 0.0296875 0.6875
1 0.25390625 0.6421875 0.0109375 0.6390625
1 0.18046875 0.64921875 0.01875 0.634375
1 0.2625 0.64921875 0.009375 0.65390625