1 0.38828125 0.6109375 0.04140625 0.70625
1 0.01328125 0.61953125 0.0265625 0.6765625
1 0.21328125 0.62578125 0.11171875 0.66484375
1 0.5375 0.640625 0.01953125 0.65859375
1 0.3484375 0.64375 0.0390625 0.640625
1 0.88046875 0.64375 0.05546875 0.6046875
1 0.29765625 0.65 0.053125 0.61640625
1 0.4453125 0.65 0.03359375 0.6046875
1 0.51484375 0.65 0.0359375 0.62890625
1 0.4796875 0.65234375 0.03359375 0.6109375
1 0.075 0.65546875 0.03359375 0.59296875
1 0.0421875 0.6765625 0.0359375 0.58671875
1 0.4140625 0.69453125 0.01953125 0.5265625
1 0.1140625 0.69453125 0.0390625 0.55078125
1 0.7953125 0.70078125 0.0359375 0.5265625
1 0.834375 0.70078125 0.04140625 0.5390625
1 0.67890625 0.571875 0.0703125 0.79609375
1 0.7484375 0.571875 0.06796875 0.8203125
1 0.14296875 0.58046875 0.03359375 0.7546875
1 0.56796875 0.58671875 0.04609375 0.7546875
1 0.62109375 0.58984375 0.05078125 0.76015625