1 0.70078125 0.5765625 0.04921875 0.8203125
1 0.8671875 0.58671875 0.03828125 0.78671875
1 0.91328125 0.59296875 0.04921875 0.76015625
1 0.76796875 0.61328125 0.02421875 0.73359375
1 0.65859375 0.64296875 0.040625 0.6734375
1 0.02890625 0.64296875 0.05703125 0.68671875
1 0.54453125 0.65 0.040625 0.646875
1 0.584375 0.65 0.0328125 0.66015625
1 0.6265625 0.65 0.03515625 0.66015625
1 0.7921875 0.65 0.0296875 0.59296875
1 0.73671875 0.66015625 0.0328125 0.653125
1 0.125 0.66015625 0.04375 0.653125
1 0.82578125 0.66640625 0.0328125 0.6265625
1 0.0828125 0.66640625 0.04609375 0.6265625
1 0.1703125 0.66953125 0.05 0.6609375
1 0.20625 0.6703125 0.0328125 0.646875
1 0.24296875 0.6734375 0.040625 0.6265625
1 0.2828125 0.6765625 0.0546875 0.6203125
1 0.33828125 0.6796875 0.0515625 0.6
1 0.95625 0.68984375 0.0328125 0.5265625
1 0.3875 0.48984375 0.0515625 0.96640625
1 0.49765625 0.546875 0.04921875 0.89296875
1 0.43984375 0.55 0.06015625 0.86015625