1 0.509375 0.646875 0.30625 0.0796875
1 0.509375 0.746875 0.30625 0.09296875
1 0.51015625 0.83984375 0.30390625 0.09296875
1 0.509375 0.93984375 0.30625 0.09296875
1 0.51015625 0.346875 0.2828125 0.0796875
1 0.5078125 0.44296875 0.30390625 0.1265625
1 0.015625 0.56640625 0.03125 0.81328125
1 0.51015625 0.56640625 0.30390625 0.10703125
1 0.80390625 0.56640625 0.046875 0.83984375
1 0.9734375 0.5703125 0.046875 0.8203125
1 0.090625 0.5703125 0.0390625 0.79296875
1 0.128125 0.5703125 0.03671875 0.79296875
1 0.1765625 0.5734375 0.0546875 0.81328125
1 0.83671875 0.5765625 0.034375 0.79296875
1 0.878125 0.58359375 0.04453125 0.79296875
1 0.92265625 0.58359375 0.04453125 0.79296875
1 0.26171875 0.58671875 0.046875 0.78671875
1 0.72890625 0.58984375 0.0390625 0.7796875
1 0.7671875 0.61015625 0.03125 0.7265625
1 0.34140625 0.61640625 0.0390625 0.71328125
1 0.05234375 0.61640625 0.03671875 0.7
1 0.22265625 0.6203125 0.03671875 0.7203125
1 0.3046875 0.6234375 0.0390625 0.7265625
1 0.68828125 0.6234375 0.0421875 0.71328125