1 0.215625 0.55 0.06328125 0.9
1 0.14296875 0.56015625 0.0765625 0.8796875
1 0.978125 0.578125 0.04375 0.84375
1 0.27578125 0.5890625 0.04140625 0.82109375
1 0.65234375 0.6 0.05234375 0.8
1 0.71328125 0.6 0.0578125 0.8
1 0.7734375 0.6 0.05234375 0.8
1 0.603125 0.6 0.05234375 0.8
1 0.8203125 0.603125 0.04375 0.79375
1 0.86796875 0.6 0.04921875 0.8
1 0.328125 0.6 0.04140625 0.8
1 0.06875 0.6 0.065625 0.8
1 0.91875 0.603125 0.046875 0.79375
1 0.43046875 0.603125 0.0484375 0.79375
1 0.4640625 0.60703125 0.06015625 0.7859375
1 0.546875 0.60703125 0.06015625 0.7859375
1 0.37265625 0.603125 0.0484375 0.79375
1 0.51484375 0.60703125 0.046875 0.7859375