1 0.890625 0.634375 0.02734375 0.60546875
1 0.15703125 0.634375 0.02734375 0.6171875
1 0.271875 0.6375 0.0328125 0.62265625
1 0.95625 0.6375 0.04296875 0.61171875
1 0.38125 0.63984375 0.03515625 0.60546875
1 0.5578125 0.63984375 0.0328125 0.59453125
1 0.615625 0.63984375 0.02265625 0.59453125
1 0.64765625 0.63984375 0.0328125 0.59453125
1 0.715625 0.63984375 0.02734375 0.5828125
1 0.7515625 0.63984375 0.0296875 0.59453125
1 0.85625 0.63984375 0.0328125 0.60546875
1 0.78203125 0.64296875 0.025 0.58828125
1 0.81953125 0.64296875 0.03984375 0.6
1 0.92109375 0.64296875 0.02734375 0.61171875
1 0.353125 0.64609375 0.025 0.5828125
1 0.4171875 0.64609375 0.0328125 0.6171875
1 0.58984375 0.64609375 0.02734375 0.59453125
1 0.096875 0.64609375 0.0328125 0.59453125
1 0.184375 0.64609375 0.02265625 0.5828125
1 0.209375 0.64609375 0.02265625 0.57109375
1 0.23671875 0.64609375 0.0328125 0.59453125
1 0.68671875 0.6484375 0.03515625 0.57734375
1 0.1265625 0.6484375 0.02265625 0.58828125
1 0.315625 0.6515625 0.0453125 0.5828125
1 0.0515625 0.6515625 0.04296875 0.5828125
1 0.4921875 0.65390625 0.02734375 0.57734375
1 0.5265625 0.65390625 0.0296875 0.57734375
1 0.4546875 0.65703125 0.0375 0.5828125