1 0.928125 0.484375 0.0546875 0.759375
1 0.86171875 0.48984375 0.06796875 0.75390625
1 0.80546875 0.50546875 0.03359375 0.74375
1 0.76015625 0.521875 0.04921875 0.68828125
1 0.71875 0.5546875 0.0296875 0.628125
1 0.4484375 0.55625 0.03515625 0.64140625
1 0.50625 0.5578125 0.02578125 0.6546875
1 0.58125 0.55859375 0.0234375 0.64140625
1 0.61484375 0.55859375 0.03671875 0.64140625
1 0.66796875 0.56015625 0.05859375 0.64375
1 0.47890625 0.56171875 0.02890625 0.62578125
1 0.52890625 0.56171875 0.02578125 0.6359375
1 0.55390625 0.56171875 0.02578125 0.64140625
1 0.36796875 0.57421875 0.0578125 0.61484375
1 0.4171875 0.57734375 0.0375 0.6046875
1 0.43671875 0.23984375 0.00390625 0.00234375