1 0.0765625 0.56484375 0.0640625 0.765625
1 0.84921875 0.56484375 0.04609375 0.72734375
1 0.24765625 0.56953125 0.0546875 0.74609375
1 0.88828125 0.57421875 0.03203125 0.73671875
1 0.190625 0.5765625 0.05859375 0.7515625
1 0.30078125 0.5765625 0.0546875 0.7609375
1 0.3546875 0.57890625 0.053125 0.75625
1 0.75703125 0.57890625 0.0421875 0.72734375
1 0.92578125 0.57890625 0.05703125 0.75625
1 0.59375 0.58125 0.03515625 0.73203125
1 0.67890625 0.58125 0.0421875 0.73203125
1 0.5125 0.58359375 0.0390625 0.7078125
1 0.1375 0.58359375 0.05859375 0.72734375
1 0.4 0.58828125 0.04765625 0.66953125
1 0.43671875 0.58828125 0.0375 0.72734375
1 0.47265625 0.58828125 0.03359375 0.72734375
1 0.71953125 0.58828125 0.04609375 0.72734375
1 0.80234375 0.590625 0.04453125 0.69375
1 0.5546875 0.5953125 0.0421875 0.684375
1 0.6359375 0.5984375 0.04453125 0.7078125