1 0.0859375 0.5375 0.04765625 0.75
1 0.14765625 0.5375 0.06015625 0.7125
1 0.92265625 0.546875 0.03515625 0.70625
1 0.2 0.55625 0.0296875 0.725
1 0.2421875 0.55625 0.03984375 0.7125
1 0.85390625 0.5625 0.0328125 0.6875
1 0.4875 0.565625 0.0296875 0.68125
1 0.51484375 0.565625 0.0203125 0.69375
1 0.6015625 0.565625 0.02734375 0.66875
1 0.73984375 0.565625 0.0703125 0.66875
1 0.8046875 0.565625 0.06015625 0.66875
1 0.28984375 0.56875 0.03984375 0.675
1 0.3890625 0.56875 0.04765625 0.6625
1 0.5609375 0.56875 0.04765625 0.675
1 0.6265625 0.56875 0.0421875 0.675
1 0.44609375 0.571875 0.04765625 0.66875
1 0.67734375 0.5875 0.0546875 0.6375