1 0.38671875 0.628125 0.0453125 0.74375
1 0.19453125 0.64765625 0.12265625 0.70390625
1 0.55078125 0.6578125 0.02109375 0.684375
1 0.34296875 0.6640625 0.0421875 0.671875
1 0.9265625 0.67421875 0.0609375 0.6515625
1 0.2875 0.67421875 0.05859375 0.6515625
1 0.44921875 0.67734375 0.0375 0.64453125
1 0.525 0.67109375 0.03984375 0.6578125
1 0.48671875 0.67734375 0.0375 0.64453125
1 0.0421875 0.684375 0.0375 0.63125
1 0.01328125 0.696875 0.0265625 0.60625
1 0.41484375 0.7234375 0.02109375 0.55234375
1 0.08515625 0.7171875 0.0421875 0.565625
1 0.8328125 0.7265625 0.040625 0.546875
1 0.8765625 0.7234375 0.0453125 0.55234375
1 0.70625 0.58203125 0.07734375 0.83515625
1 0.78203125 0.57578125 0.07421875 0.8484375
1 0.1171875 0.5984375 0.0375 0.80234375
1 0.5828125 0.6015625 0.05 0.796875
1 0.64140625 0.6015625 0.0546875 0.796875