1 0.93125 0.4734375 0.05546875 0.77109375
1 0.86328125 0.47890625 0.06875 0.765625
1 0.80625 0.49453125 0.034375 0.75546875
1 0.76015625 0.51171875 0.05078125 0.69921875
1 0.71796875 0.5453125 0.03046875 0.63828125
1 0.44375 0.546875 0.0359375 0.6515625
1 0.50234375 0.54765625 0.0265625 0.66484375
1 0.578125 0.54921875 0.02421875 0.6515625
1 0.6125 0.54921875 0.0375 0.6515625
1 0.66640625 0.55078125 0.059375 0.65390625
1 0.475 0.5515625 0.02890625 0.6359375
1 0.525 0.5515625 0.0265625 0.64609375
1 0.55078125 0.5515625 0.0265625 0.6515625
1 0.36171875 0.56484375 0.05859375 0.625
1 0.41171875 0.56796875 0.03828125 0.6140625
1 0.43203125 0.225 0.00390625 0.00234375