1 0.06796875 0.5 0.07890625 1
1 0.1421875 0.503125 0.065625 0.99375
1 0.64765625 0.5203125 0.075 0.9453125
1 0.3625 0.525 0.1125 0.95
1 0.47109375 0.525 0.1265625 0.95
1 0.190625 0.5328125 0.04375 0.934375
1 0.5765625 0.534375 0.0671875 0.9203125
1 0.27578125 0.54375 0.065625 0.9125
1 0.71796875 0.55 0.08046875 0.86015625
1 0.98203125 0.57578125 0.03515625 0.78359375
1 0.80234375 0.5921875 0.0765625 0.809375
1 0.890625 0.59296875 0.0984375 0.77421875
1 0.22578125 0.59609375 0.02890625 0.80703125
1 0.95625 0.62421875 0.03515625 0.69296875