1 0.03359375 0.5 0.0671875 1
1 0.10546875 0.5 0.0703125 1
1 0.646875 0.52109375 0.08125 0.9578125
1 0.34140625 0.5234375 0.1203125 0.953125
1 0.45859375 0.5234375 0.13671875 0.953125
1 0.15703125 0.53125 0.046875 0.9375
1 0.57109375 0.5359375 0.071875 0.928125
1 0.24765625 0.54296875 0.0703125 0.9140625
1 0.72265625 0.56015625 0.0859375 0.8796875
1 0.99375 0.59453125 0.01171875 0.8109375
1 0.8140625 0.596875 0.08203125 0.80625
1 0.909375 0.60625 0.10546875 0.7875
1 0.19375 0.59921875 0.03125 0.8015625
1 0.9796875 0.6453125 0.03828125 0.709375