1 0.84765625 0.54375 0.06328125 0.5953125
1 0.38203125 0.5453125 0.06796875 0.5765625
1 0.546875 0.54609375 0.06328125 0.61171875
1 0.30703125 0.5484375 0.08828125 0.5828125
1 0.928125 0.55 0.08203125 0.56640625
1 0.465625 0.55078125 0.09609375 0.5734375
1 0.9765625 0.553125 0.046875 0.57265625
1 0.228125 0.5578125 0.08671875 0.58828125
1 0.73359375 0.56640625 0.0484375 0.55703125
1 0.7875 0.57734375 0.059375 0.53828125
1 0.6078125 0.58125 0.05078125 0.5453125
1 0.67109375 0.58125 0.05703125 0.5375
1 0.14921875 0.59609375 0.07734375 0.50390625
1 0.0796875 0.59609375 0.0578125 0.52578125
1 0.01875 0.60234375 0.0375 0.484375