1 0.83203125 0.52734375 0.06015625 0.56953125
1 0.3875 0.528125 0.065625 0.5515625
1 0.5453125 0.52890625 0.06015625 0.58515625
1 0.315625 0.53125 0.084375 0.5578125
1 0.909375 0.5328125 0.078125 0.54140625
1 0.4671875 0.53359375 0.0921875 0.5484375
1 0.96640625 0.53515625 0.0671875 0.5484375
1 0.23984375 0.540625 0.0828125 0.5625
1 0.7234375 0.5484375 0.046875 0.5328125
1 0.775 0.559375 0.05625 0.51484375
1 0.603125 0.5625 0.0484375 0.521875
1 0.6640625 0.5625 0.0546875 0.5140625
1 0.16484375 0.5765625 0.07421875 0.48203125
1 0.09765625 0.57734375 0.05546875 0.503125
1 0.0375 0.5828125 0.03984375 0.46328125