1 0.59921875 0.23125 0.8015625 0.06171875
1 0.65703125 0.02734375 0.68515625 0.046875
1 0.5578125 0.2890625 0.884375 0.065625
1 0.56640625 0.359375 0.8671875 0.06796875
1 0.57421875 0.43359375 0.85078125 0.06328125
1 0.56640625 0.49765625 0.8671875 0.06953125
1 0.56953125 0.55703125 0.8609375 0.053125
1 0.58125 0.61953125 0.8375 0.059375
1 0.5640625 0.69140625 0.871875 0.0796875
1 0.57421875 0.78671875 0.85078125 0.11875
1 0.59765625 0.08125 0.8046875 0.06796875
1 0.57265625 0.878125 0.8546875 0.046875
1 0.5328125 0.9265625 0.93359375 0.040625
1 0.5 0.97421875 1 0.0515625
1 0.63046875 0.15078125 0.73828125 0.046875
1 0.64375 0.18203125 0.71171875 0.04921875