1 0.6 0.228125 0.8 0.06171875
1 0.6578125 0.0234375 0.684375 0.046875
1 0.5578125 0.2859375 0.884375 0.065625
1 0.56640625 0.35703125 0.86640625 0.06796875
1 0.575 0.43125 0.85 0.0640625
1 0.56640625 0.49609375 0.86640625 0.0703125
1 0.56953125 0.5546875 0.8609375 0.053125
1 0.58125 0.6171875 0.8375 0.059375
1 0.56484375 0.690625 0.8703125 0.08046875
1 0.575 0.7859375 0.85 0.11953125
1 0.5984375 0.07734375 0.803125 0.06796875
1 0.5734375 0.87734375 0.853125 0.04765625
1 0.5328125 0.925 0.934375 0.040625
1 0.5 0.97421875 1 0.0515625
1 0.63125 0.14609375 0.7375 0.0484375
1 0.64453125 0.178125 0.7109375 0.05