1 0.60078125 0.2296875 0.7984375 0.06015625
1 0.65703125 0.028125 0.6859375 0.046875
1 0.56015625 0.2859375 0.8796875 0.0640625
1 0.56796875 0.35546875 0.86328125 0.06640625
1 0.57578125 0.4265625 0.8484375 0.0625
1 0.56796875 0.490625 0.86328125 0.06875
1 0.57109375 0.54921875 0.85703125 0.05234375
1 0.5828125 0.6109375 0.834375 0.05859375
1 0.56640625 0.68125 0.8671875 0.078125
1 0.57578125 0.77421875 0.8484375 0.1171875
1 0.59921875 0.08125 0.8015625 0.06640625
1 0.57421875 0.86328125 0.8515625 0.0453125
1 0.53515625 0.9109375 0.9296875 0.040625
1 0.5015625 0.9625 0.996875 0.05859375
1 0.63125 0.15 0.73671875 0.04609375
1 0.64453125 0.18125 0.7109375 0.0484375