1 0.2296875 0.4875 0.0609375 0.959375
1 0.74375 0.4984375 0.0734375 0.9609375
1 0.2890625 0.49921875 0.0546875 0.9546875
1 0.6671875 0.5015625 0.08984375 0.9609375
1 0.54375 0.51875 0.05625 0.9234375
1 0.11484375 0.52734375 0.0515625 0.88671875
1 0.5953125 0.52734375 0.0609375 0.8828125
1 0.1671875 0.528125 0.0484375 0.896875
1 0.0625 0.534375 0.0625 0.9078125
1 0.48828125 0.53984375 0.071875 0.8921875
1 0.38359375 0.540625 0.05625 0.89453125
1 0.43125 0.540625 0.053125 0.89453125
1 0.33671875 0.58125 0.0421875 0.7953125