1 0.17890625 0.50390625 0.06640625 0.99140625
1 0.740625 0.509375 0.0796875 0.98046875
1 0.24375 0.51171875 0.059375 0.9765625
1 0.65703125 0.51171875 0.0984375 0.9765625
1 0.521875 0.53046875 0.0625 0.9390625
1 0.05390625 0.54609375 0.05625 0.9078125
1 0.57890625 0.546875 0.06640625 0.90625
1 0.1109375 0.54375 0.053125 0.9125
1 0.015625 0.54375 0.03125 0.9125
1 0.4609375 0.55078125 0.078125 0.8984375
1 0.346875 0.55078125 0.0625 0.8984375
1 0.39921875 0.55078125 0.0578125 0.8984375
1 0.2953125 0.6 0.046875 0.8