1 0.51640625 0.6515625 0.2921875 0.07578125
1 0.51640625 0.746875 0.2921875 0.08828125
1 0.5171875 0.83515625 0.28984375 0.08828125
1 0.51640625 0.93046875 0.2921875 0.08828125
1 0.5171875 0.3671875 0.2703125 0.07578125
1 0.51484375 0.45859375 0.28984375 0.1203125
1 0.04375 0.57578125 0.0328125 0.771875
1 0.5171875 0.57578125 0.28984375 0.1015625
1 0.79765625 0.57578125 0.0453125 0.79765625
1 0.96015625 0.57890625 0.0453125 0.778125
1 0.11640625 0.57890625 0.0375 0.753125
1 0.15234375 0.57890625 0.03515625 0.753125
1 0.1984375 0.58203125 0.05234375 0.771875
1 0.82890625 0.58515625 0.0328125 0.753125
1 0.86875 0.59140625 0.0421875 0.753125
1 0.9109375 0.59140625 0.0421875 0.753125
1 0.2796875 0.5953125 0.0453125 0.746875
1 0.7265625 0.5984375 0.0375 0.740625
1 0.7625 0.6171875 0.0296875 0.68984375
1 0.35625 0.6234375 0.0375 0.67734375
1 0.0796875 0.6234375 0.03515625 0.66484375
1 0.2421875 0.6265625 0.03515625 0.68359375
1 0.32109375 0.6296875 0.0375 0.68984375
1 0.6875 0.6296875 0.03984375 0.67734375