1 0.090625 0.534375 0.046875 0.7453125
1 0.1515625 0.534375 0.059375 0.7078125
1 0.9203125 0.54375 0.034375 0.7015625
1 0.203125 0.553125 0.0296875 0.7203125
1 0.2453125 0.553125 0.03984375 0.7078125
1 0.85234375 0.559375 0.03203125 0.68359375
1 0.4890625 0.5625 0.0296875 0.67734375
1 0.51640625 0.5625 0.01953125 0.6890625
1 0.6015625 0.5625 0.02734375 0.66484375
1 0.73984375 0.5625 0.06953125 0.66484375
1 0.80390625 0.5625 0.059375 0.66484375
1 0.29296875 0.56484375 0.03984375 0.67109375
1 0.390625 0.56484375 0.046875 0.65859375
1 0.56171875 0.56484375 0.046875 0.67109375
1 0.6265625 0.56484375 0.0421875 0.67109375
1 0.44765625 0.56796875 0.046875 0.66484375
1 0.67734375 0.58359375 0.0546875 0.63359375