1 0.159375 0.61484375 0.0453125 0.70390625
1 0.05078125 0.625 0.028125 0.67109375
1 0.9953125 0.62734375 0.009375 0.6765625
1 0.26171875 0.63125 0.034375 0.67109375
1 0.72734375 0.63125 0.0453125 0.67109375
1 0.890625 0.63125 0.03671875 0.6578125
1 0.68359375 0.63515625 0.04296875 0.6515625
1 0.77578125 0.63515625 0.05078125 0.690625
1 0.85546875 0.63828125 0.034375 0.6578125
1 0.21484375 0.64453125 0.02578125 0.64453125
1 0.59375 0.64765625 0.03984375 0.63828125
1 0.6375 0.64765625 0.04296875 0.6515625
1 0.48125 0.6578125 0.0484375 0.61875
1 0.51953125 0.6578125 0.034375 0.60546875
1 0.97421875 0.6578125 0.03984375 0.61875
1 0.55546875 0.6609375 0.03125 0.61171875
1 0.93203125 0.66484375 0.03984375 0.60546875
1 0.19296875 0.67421875 0.02265625 0.58515625
1 0.01875 0.69375 0.03125 0.559375
1 0.10390625 0.50625 0.07109375 0.92109375
1 0.3140625 0.5328125 0.065625 0.86875
1 0.3765625 0.5359375 0.065625 0.8484375
1 0.434375 0.57578125 0.05078125 0.76953125
1 0.81640625 0.58203125 0.03671875 0.79609375
1 0.234375 0.58515625 0.02578125 0.75