1 0.04921875 0.640625 0.09765625 0.71875
1 0.95859375 0.68203125 0.0546875 0.6359375
1 0.77734375 0.68203125 0.0609375 0.6359375
1 0.90546875 0.68203125 0.0609375 0.6359375
1 0.3765625 0.68828125 0.0640625 0.6234375
1 0.315625 0.68828125 0.0578125 0.6234375
1 0.57421875 0.68828125 0.0671875 0.6234375
1 0.71640625 0.690625 0.0671875 0.61796875
1 0.2484375 0.68828125 0.07109375 0.6234375
1 0.51171875 0.68828125 0.0640625 0.6234375
1 0.84453125 0.68515625 0.0671875 0.62890625
1 0.18046875 0.68828125 0.0578125 0.6234375
1 0.4421875 0.68828125 0.0671875 0.6234375
1 0.646875 0.68828125 0.084375 0.6234375
1 0.1234375 0.69921875 0.05078125 0.60078125