1 0.5265625 0.4609375 0.053125 0.80546875
1 0.61328125 0.4609375 0.03828125 0.77890625
1 0.68671875 0.4640625 0.0484375 0.7859375
1 0.8796875 0.4671875 0.04296875 0.7921875
1 0.92421875 0.47109375 0.05546875 0.77265625
1 0.65625 0.47421875 0.04296875 0.77890625
1 0.384375 0.47734375 0.0484375 0.759375
1 0.41875 0.47734375 0.03515625 0.77265625
1 0.56953125 0.47734375 0.0484375 0.759375
1 0.7359375 0.47734375 0.0609375 0.77265625
1 0.82578125 0.47734375 0.06875 0.759375
1 0.1421875 0.47734375 0.0203125 0.759375
1 0.4734375 0.48359375 0.05859375 0.77265625
1 0.7828125 0.48359375 0.05859375 0.77265625
1 0.065625 0.48671875 0.03515625 0.77890625
1 0.10390625 0.48671875 0.03515625 0.76640625
1 0.17109375 0.48671875 0.028125 0.753125
1 0.271875 0.490625 0.07578125 0.77265625
1 0.3375 0.490625 0.0609375 0.77265625
1 0.209375 0.496875 0.03828125 0.746875