1 0.05234375 0.590625 0.0671875 0.8078125
1 0.8625 0.590625 0.0484375 0.76796875
1 0.23125 0.59609375 0.0578125 0.7875
1 0.903125 0.60078125 0.03359375 0.778125
1 0.17109375 0.603125 0.0609375 0.79375
1 0.2875 0.60078125 0.0578125 0.79765625
1 0.34296875 0.603125 0.0546875 0.79375
1 0.765625 0.60625 0.04453125 0.76796875
1 0.9421875 0.603125 0.059375 0.79375
1 0.59453125 0.60859375 0.0375 0.77265625
1 0.684375 0.60859375 0.04453125 0.77265625
1 0.509375 0.6109375 0.040625 0.74765625
1 0.11640625 0.6109375 0.06171875 0.76796875
1 0.39140625 0.61640625 0.05 0.70703125
1 0.43046875 0.615625 0.0390625 0.76875
1 0.46640625 0.615625 0.0359375 0.76875
1 0.72578125 0.615625 0.0484375 0.76875
1 0.81328125 0.61875 0.04609375 0.73203125
1 0.55390625 0.6234375 0.04453125 0.721875
1 0.6375 0.62578125 0.046875 0.7484375