1 0.9828125 0.49765625 0.034375 0.9953125
1 0.8828125 0.5 0.06484375 1
1 0.278125 0.5 0.05 1
1 0.3265625 0.5 0.046875 1
1 0.6625 0.5 0.0359375 1
1 0.61796875 0.5015625 0.0453125 0.996875
1 0.8265625 0.50390625 0.06484375 0.9921875
1 0.14296875 0.51171875 0.0328125 0.9765625
1 0.55390625 0.51796875 0.0390625 0.9640625
1 0.365625 0.52265625 0.02890625 0.9546875
1 0.4390625 0.52421875 0.02578125 0.95078125
1 0.22109375 0.5265625 0.06484375 0.946875
1 0.58125 0.5265625 0.03046875 0.946875
1 0.93125 0.53046875 0.0546875 0.93828125
1 0.390625 0.5328125 0.02421875 0.934375
1 0.47109375 0.5328125 0.05234375 0.934375
1 0.51484375 0.5390625 0.04609375 0.921875
1 0.17109375 0.54453125 0.0265625 0.9109375
1 0.41015625 0.55078125 0.0203125 0.8984375
1 0.7453125 0.56328125 0.02421875 0.87265625
1 0.78984375 0.56328125 0.03359375 0.87265625
1 0.70390625 0.565625 0.04921875 0.86875
1 0.77265625 0.565625 0.02890625 0.86875
1 0.08671875 0.5734375 0.034375 0.85234375
1 0.11640625 0.5734375 0.02265625 0.85234375
1 0.0484375 0.5734375 0.04140625 0.85234375