1 0.15625 0.59140625 0.05546875 0.71015625
1 0.2 0.59140625 0.03125 0.76953125
1 0.2265625 0.59453125 0.0359375 0.715625
1 0.65 0.62109375 0.05078125 0.6625
1 0.5265625 0.6359375 0.05078125 0.65703125
1 0.47734375 0.6390625 0.053125 0.60390625
1 0.34765625 0.6421875 0.0265625 0.609375
1 0.83046875 0.6421875 0.0390625 0.6328125
1 0.86796875 0.6453125 0.04140625 0.62734375
1 0.06796875 0.64765625 0.0390625 0.65703125
1 0.10625 0.64765625 0.0390625 0.65703125
1 0.38359375 0.659375 0.05078125 0.5859375
1 0.56796875 0.659375 0.04140625 0.609375
1 0.69375 0.6625 0.04140625 0.59140625
1 0.6015625 0.665625 0.04140625 0.5859375
1 0.0328125 0.6953125 0.0359375 0.53828125
1 0.4296875 0.71875 0.05546875 0.49140625
1 0.3109375 0.5828125 0.05078125 0.7515625
1 0.26484375 0.5859375 0.04609375 0.75703125
1 0.76015625 0.5890625 0.0921875 0.728125