1 0.41328125 0.503125 0.05703125 0.80703125
1 0.8359375 0.503125 0.1984375 0.79296875
1 0.728125 0.51015625 0.06171875 0.8203125
1 0.5125 0.51328125 0.03203125 0.81328125
1 0.46640625 0.51640625 0.05 0.80703125
1 0.1703125 0.5234375 0.0375 0.7796875
1 0.56171875 0.5265625 0.071875 0.7734375
1 0.20859375 0.5265625 0.04453125 0.76015625
1 0.6140625 0.5296875 0.0421875 0.79296875
1 0.0765625 0.5296875 0.05 0.7796875
1 0.128125 0.5296875 0.0421875 0.76640625
1 0.35 0.53359375 0.084375 0.78671875
1 0.271875 0.53984375 0.08671875 0.78671875
1 0.66015625 0.54296875 0.06953125 0.79296875