1 0.203125 0.56171875 0.06328125 0.77578125
1 0.26171875 0.56328125 0.06328125 0.74609375
1 0.078125 0.565625 0.06484375 0.75
1 0.1453125 0.56953125 0.06953125 0.7671875
1 0.325 0.58046875 0.071875 0.74609375
1 0.39140625 0.58671875 0.06484375 0.75
1 0.45078125 0.60390625 0.0453125 0.69921875
1 0.59140625 0.6078125 0.04765625 0.71640625
1 0.73828125 0.61015625 0.0453125 0.7203125
1 0.49375 0.6125 0.04375 0.72421875
1 0.6359375 0.61640625 0.03671875 0.690625
1 0.5421875 0.61875 0.04140625 0.7375
1 0.68828125 0.62109375 0.05 0.72421875
1 0.79453125 0.62109375 0.05859375 0.7078125
1 0.86640625 0.62109375 0.071875 0.69921875
1 0.93671875 0.62734375 0.0609375 0.69453125