1 0.203125 0.565625 0.0609375 0.746875
1 0.26015625 0.5671875 0.0609375 0.71875
1 0.08203125 0.56953125 0.06328125 0.72265625
1 0.14765625 0.5734375 0.0671875 0.7390625
1 0.32109375 0.58359375 0.06953125 0.71875
1 0.38515625 0.58984375 0.06328125 0.72265625
1 0.44296875 0.60625 0.04453125 0.6734375
1 0.57890625 0.61015625 0.04609375 0.68984375
1 0.72109375 0.6125 0.04453125 0.69375
1 0.484375 0.6140625 0.0421875 0.69765625
1 0.621875 0.61875 0.0359375 0.665625
1 0.53125 0.6203125 0.03984375 0.71015625
1 0.67265625 0.62265625 0.0484375 0.69765625
1 0.77578125 0.62265625 0.05703125 0.68125
1 0.8453125 0.62265625 0.06953125 0.6734375
1 0.9140625 0.62890625 0.05859375 0.66953125