1 0.13046875 0.57578125 0.059375 0.759375
1 0.17734375 0.57578125 0.03359375 0.82265625
1 0.20625 0.57890625 0.0390625 0.765625
1 0.659375 0.6078125 0.0546875 0.70859375
1 0.52734375 0.6234375 0.0546875 0.70234375
1 0.47421875 0.6265625 0.05703125 0.6453125
1 0.33515625 0.6296875 0.028125 0.6515625
1 0.85234375 0.6296875 0.04140625 0.67734375
1 0.8921875 0.6328125 0.04375 0.67109375
1 0.0359375 0.6359375 0.04140625 0.70234375
1 0.07734375 0.6359375 0.04140625 0.70234375
1 0.37421875 0.6484375 0.0546875 0.6265625
1 0.57109375 0.6484375 0.04375 0.6515625
1 0.70625 0.6515625 0.04375 0.6328125
1 0.6078125 0.6546875 0.04375 0.6265625
1 0.009375 0.68671875 0.01796875 0.57578125
1 0.4234375 0.71171875 0.059375 0.525
1 0.296875 0.56640625 0.0546875 0.80390625
1 0.24765625 0.56953125 0.04921875 0.81015625
1 0.77734375 0.57265625 0.0984375 0.778125