1 0.92734375 0.48046875 0.0546875 0.753125
1 0.8609375 0.4859375 0.0671875 0.7484375
1 0.80546875 0.5015625 0.03359375 0.7375
1 0.759375 0.51796875 0.04921875 0.6828125
1 0.71875 0.55078125 0.0296875 0.6234375
1 0.45 0.5515625 0.03515625 0.63671875
1 0.5078125 0.553125 0.02578125 0.64921875
1 0.58203125 0.5546875 0.0234375 0.63671875
1 0.615625 0.5546875 0.03671875 0.63671875
1 0.66796875 0.55546875 0.05859375 0.6390625
1 0.48046875 0.55703125 0.02890625 0.62109375
1 0.5296875 0.55703125 0.02578125 0.63125
1 0.5546875 0.55703125 0.02578125 0.63671875
1 0.3703125 0.5703125 0.05703125 0.61015625
1 0.41875 0.57265625 0.0375 0.6
1 0.43828125 0.2375 0.00390625 0.00234375