1 0.6421875 0.58671875 0.0546875 0.753125
1 0.90078125 0.58671875 0.05234375 0.753125
1 0.27890625 0.58984375 0.046875 0.746875
1 0.16796875 0.58984375 0.04453125 0.721875
1 0.69921875 0.59296875 0.06484375 0.740625
1 0.3296875 0.5953125 0.0546875 0.734375
1 0.8109375 0.5953125 0.0390625 0.734375
1 0.40078125 0.5984375 0.08359375 0.753125
1 0.53515625 0.6015625 0.07578125 0.734375
1 0.59375 0.6015625 0.04140625 0.734375
1 0.85 0.6015625 0.04453125 0.71015625
1 0.225 0.6078125 0.0546875 0.721875
1 0.9390625 0.6171875 0.03359375 0.66640625
1 0.4703125 0.6203125 0.06484375 0.68515625
1 0.06640625 0.6265625 0.0546875 0.66015625
1 0.021875 0.5734375 0.04375 0.753125
1 0.97421875 0.58046875 0.03125 0.740625
1 0.76171875 0.58359375 0.06484375 0.734375
1 0.12109375 0.58359375 0.0546875 0.746875