1 0.96796875 0.6390625 0.03046875 0.67109375
1 0.15390625 0.6390625 0.03046875 0.68359375
1 0.28203125 0.6421875 0.0359375 0.68984375
1 0.403125 0.6453125 0.0390625 0.67109375
1 0.5984375 0.6453125 0.0359375 0.65859375
1 0.6625 0.6453125 0.025 0.65859375
1 0.6984375 0.6453125 0.0359375 0.65859375
1 0.7734375 0.6453125 0.03046875 0.6453125
1 0.8140625 0.6453125 0.03359375 0.65859375
1 0.92890625 0.6453125 0.0359375 0.67109375
1 0.846875 0.6484375 0.028125 0.6515625
1 0.8890625 0.6484375 0.04453125 0.66484375
1 0.99296875 0.6484375 0.0140625 0.67734375
1 0.371875 0.6515625 0.028125 0.6453125
1 0.44296875 0.6515625 0.0359375 0.68359375
1 0.634375 0.6515625 0.03046875 0.65859375
1 0.0875 0.6515625 0.0359375 0.65859375
1 0.184375 0.6515625 0.025 0.6453125
1 0.2125 0.6515625 0.025 0.6328125
1 0.24296875 0.6515625 0.0359375 0.65859375
1 0.74140625 0.6546875 0.0390625 0.6390625
1 0.12109375 0.6546875 0.025 0.6515625
1 0.33046875 0.65859375 0.05 0.6453125
1 0.0375 0.65859375 0.046875 0.6453125
1 0.5265625 0.66171875 0.03046875 0.6390625
1 0.5640625 0.66171875 0.03359375 0.6390625
1 0.484375 0.66484375 0.04140625 0.6453125