1 0.6734375 0.6015625 0.04453125 0.73671875
1 0.8234375 0.6109375 0.034375 0.70625
1 0.86484375 0.61640625 0.04453125 0.6828125
1 0.015625 0.621875 0.03125 0.69375
1 0.73359375 0.634375 0.021875 0.65859375
1 0.63515625 0.66171875 0.03671875 0.6046875
1 0.06484375 0.66171875 0.0515625 0.61640625
1 0.53203125 0.66796875 0.03671875 0.58046875
1 0.5671875 0.66796875 0.0296875 0.59296875
1 0.60546875 0.66796875 0.03203125 0.59296875
1 0.75546875 0.66796875 0.02734375 0.5328125
1 0.70546875 0.6765625 0.0296875 0.58671875
1 0.15234375 0.6765625 0.0390625 0.58671875
1 0.7859375 0.6828125 0.0296875 0.5625
1 0.1140625 0.6828125 0.04140625 0.5625
1 0.19375 0.6859375 0.04453125 0.59296875
1 0.22578125 0.6859375 0.0296875 0.58046875
1 0.259375 0.68828125 0.03671875 0.5625
1 0.29453125 0.69140625 0.04921875 0.55703125
1 0.3453125 0.69453125 0.046875 0.5390625
1 0.90390625 0.70390625 0.0296875 0.4734375
1 0.3890625 0.52421875 0.046875 0.86796875
1 0.4890625 0.575 0.04453125 0.80234375
1 0.4375 0.578125 0.05390625 0.77265625