1 0.51953125 0.534375 0.06796875 0.62421875
1 0.58359375 0.5359375 0.06015625 0.628125
1 0.15234375 0.5359375 0.0578125 0.67109375
1 0.63515625 0.53828125 0.0578125 0.6328125
1 0.26328125 0.540625 0.0578125 0.6625
1 0.31875 0.54296875 0.053125 0.66640625
1 0.44921875 0.54296875 0.06796875 0.6328125
1 0.0625 0.54453125 0.10625 0.7390625
1 0.20625 0.546875 0.05546875 0.6578125
1 0.38203125 0.54921875 0.06796875 0.63671875
1 0.6875 0.54921875 0.04609375 0.5765625
1 0.78828125 0.54921875 0.0703125 0.56875
1 0.7328125 0.5515625 0.05546875 0.58125
1 0.84453125 0.5515625 0.05078125 0.58125
1 0.9296875 0.5515625 0.053125 0.57265625
1 0.8875 0.5578125 0.04140625 0.56015625