1 0.653125 0.58828125 0.05234375 0.71796875
1 0.90234375 0.58828125 0.05 0.71796875
1 0.303125 0.59140625 0.0453125 0.71171875
1 0.196875 0.59140625 0.04296875 0.68828125
1 0.7078125 0.59375 0.0625 0.70625
1 0.35234375 0.596875 0.05234375 0.7
1 0.815625 0.596875 0.0375 0.7
1 0.42109375 0.6 0.08046875 0.71796875
1 0.55 0.603125 0.07265625 0.7
1 0.60625 0.603125 0.03984375 0.7
1 0.853125 0.603125 0.04296875 0.6765625
1 0.2515625 0.60859375 0.05234375 0.68828125
1 0.93828125 0.61796875 0.0328125 0.63515625
1 0.4875 0.6203125 0.0625 0.653125
1 0.09921875 0.6265625 0.05234375 0.6296875
1 0.0515625 0.5765625 0.05234375 0.71796875
1 0.97265625 0.58203125 0.0296875 0.70625
1 0.76796875 0.58515625 0.0625 0.7
1 0.1515625 0.58515625 0.05234375 0.71171875