1 0.9171875 0.5296875 0.02734375 0.7671875
1 0.14921875 0.5359375 0.065625 0.81640625
1 0.4296875 0.5453125 0.02265625 0.8109375
1 0.825 0.546875 0.06171875 0.7578125
1 0.28515625 0.553125 0.0453125 0.7828125
1 0.68125 0.559375 0.0609375 0.7390625
1 0.7546875 0.56328125 0.07265625 0.7546875
1 0.48359375 0.56484375 0.03515625 0.7515625
1 0.6234375 0.56796875 0.01875 0.7328125
1 0.1953125 0.57109375 0.0453125 0.7578125
1 0.371875 0.57265625 0.03984375 0.7296875
1 0.503125 0.57265625 0.025 0.7421875
1 0.59296875 0.57265625 0.05234375 0.7296875
1 0.33515625 0.57421875 0.04765625 0.7265625
1 0.51640625 0.57421875 0.02890625 0.7265625
1 0.53515625 0.57421875 0.03125 0.7265625
1 0.44609375 0.57890625 0.0296875 0.7234375
1 0.4078125 0.58046875 0.0421875 0.7265625
1 0.6453125 0.58046875 0.021875 0.7015625
1 0.8796875 0.58046875 0.0421875 0.68359375
1 0.31015625 0.58203125 0.02421875 0.7046875
1 0.46171875 0.58203125 0.03515625 0.7234375
1 0.2390625 0.59140625 0.05234375 0.7046875
1 0.07734375 0.59140625 0.04296875 0.7609375
1 0.55390625 0.59609375 0.021875 0.68359375
1 0.9484375 0.61015625 0.0328125 0.61171875
1 0.1078125 0.61953125 0.02734375 0.6921875
1 0.9796875 0.64765625 0.03203125 0.56796875