1 0.6703125 0.58203125 0.05625 0.771875
1 0.93828125 0.58203125 0.05390625 0.771875
1 0.2953125 0.58515625 0.0484375 0.765625
1 0.18125 0.58515625 0.0453125 0.740625
1 0.7296875 0.58828125 0.0671875 0.759375
1 0.3484375 0.59140625 0.05625 0.753125
1 0.8453125 0.59140625 0.040625 0.753125
1 0.421875 0.5953125 0.0859375 0.771875
1 0.56015625 0.5984375 0.078125 0.753125
1 0.62109375 0.5984375 0.04296875 0.753125
1 0.8859375 0.5984375 0.0453125 0.728125
1 0.240625 0.6046875 0.05625 0.740625
1 0.97734375 0.6140625 0.03515625 0.68359375
1 0.49296875 0.6171875 0.0671875 0.70234375
1 0.0765625 0.6234375 0.05625 0.67734375
1 0.0265625 0.56875 0.053125 0.771875
1 0.79453125 0.57890625 0.0671875 0.753125
1 0.1328125 0.57890625 0.05625 0.765625