1 0.51484375 0.634375 0.06796875 0.67578125
1 0.578125 0.63984375 0.05859375 0.67578125
1 0.18203125 0.63984375 0.06484375 0.66484375
1 0.453125 0.64296875 0.05546875 0.6703125
1 0.6296875 0.64296875 0.0390625 0.659375
1 0.3 0.64296875 0.05546875 0.659375
1 0.40234375 0.6453125 0.0453125 0.66484375
1 0.35078125 0.6484375 0.0515625 0.6703125
1 0.05703125 0.6484375 0.075 0.659375
1 0.1234375 0.6484375 0.05859375 0.6703125
1 0.6734375 0.65390625 0.05546875 0.6484375
1 0.85546875 0.65390625 0.075 0.6484375
1 0.93046875 0.65390625 0.06796875 0.6484375
1 0.24375 0.65390625 0.0515625 0.659375
1 0.79375 0.65625 0.05546875 0.66484375
1 0.72890625 0.659375 0.05546875 0.6484375