1 0.03671875 0.50703125 0.0515625 0.821875
1 0.103125 0.50703125 0.06484375 0.78046875
1 0.9453125 0.5171875 0.03828125 0.77421875
1 0.16015625 0.52734375 0.0328125 0.79453125
1 0.20625 0.52734375 0.04375 0.78046875
1 0.87109375 0.534375 0.03515625 0.753125
1 0.47265625 0.5375 0.0328125 0.746875
1 0.50234375 0.5375 0.021875 0.76015625
1 0.59609375 0.5375 0.0296875 0.7328125
1 0.74765625 0.5375 0.07578125 0.7328125
1 0.81796875 0.5375 0.06484375 0.7328125
1 0.2578125 0.54140625 0.04375 0.73984375
1 0.365625 0.54140625 0.0515625 0.72578125
1 0.553125 0.54140625 0.0515625 0.73984375
1 0.6234375 0.54140625 0.04609375 0.73984375
1 0.428125 0.54453125 0.0515625 0.7328125
1 0.6796875 0.56171875 0.06015625 0.6984375