1 0.203125 0.57265625 0.06171875 0.75625
1 0.2609375 0.57421875 0.06171875 0.72734375
1 0.08046875 0.5765625 0.0640625 0.73125
1 0.146875 0.58046875 0.06796875 0.74765625
1 0.32265625 0.590625 0.0703125 0.72734375
1 0.3875 0.596875 0.0640625 0.73125
1 0.44609375 0.61328125 0.04453125 0.68203125
1 0.5828125 0.61796875 0.046875 0.6984375
1 0.7265625 0.61953125 0.04453125 0.70234375
1 0.4875 0.621875 0.0421875 0.70625
1 0.6265625 0.62578125 0.0359375 0.6734375
1 0.53515625 0.628125 0.040625 0.71875
1 0.67734375 0.63046875 0.04921875 0.70625
1 0.78203125 0.63046875 0.0578125 0.68984375
1 0.85234375 0.63046875 0.0703125 0.68203125
1 0.92109375 0.63671875 0.059375 0.67734375