1 0.15078125 0.55078125 0.06328125 0.8984375
1 0.07734375 0.56171875 0.07734375 0.8765625
1 0.9296875 0.5796875 0.06875 0.840625
1 0.2109375 0.590625 0.04140625 0.81875
1 0.58984375 0.6015625 0.05234375 0.796875
1 0.65078125 0.6015625 0.0578125 0.796875
1 0.7109375 0.6015625 0.05234375 0.796875
1 0.53984375 0.6015625 0.05234375 0.796875
1 0.759375 0.6046875 0.04453125 0.78984375
1 0.80625 0.6015625 0.05 0.796875
1 0.2640625 0.6015625 0.04140625 0.796875
1 0.01796875 0.6015625 0.0359375 0.796875
1 0.8578125 0.6046875 0.046875 0.78984375
1 0.3671875 0.6046875 0.05 0.78984375
1 0.40078125 0.60859375 0.0609375 0.7828125
1 0.48359375 0.60859375 0.0609375 0.7828125
1 0.309375 0.6046875 0.05 0.78984375
1 0.4515625 0.60859375 0.046875 0.7828125