1 0.22734375 0.615625 0.04296875 0.66875
1 0.12421875 0.625 0.02734375 0.6375
1 0.32421875 0.63125 0.0328125 0.6375
1 0.7671875 0.63125 0.04296875 0.6375
1 0.92265625 0.63125 0.03515625 0.625
1 0.72578125 0.634375 0.040625 0.61875
1 0.81328125 0.634375 0.0484375 0.65625
1 0.8890625 0.6375 0.0328125 0.625
1 0.03125 0.640625 0.0296875 0.60625
1 0.2796875 0.64375 0.02421875 0.6125
1 0.640625 0.646875 0.0375 0.60625
1 0.6828125 0.646875 0.040625 0.61875
1 0.53359375 0.65625 0.04609375 0.5875
1 0.5703125 0.65625 0.0328125 0.575
1 0.99140625 0.65625 0.0171875 0.5875
1 0.60390625 0.659375 0.0296875 0.58125
1 0.9625 0.6625 0.0375 0.575
1 0.259375 0.671875 0.021875 0.55625
1 0.09296875 0.690625 0.0296875 0.53125
1 0.17421875 0.5125 0.0671875 0.875
1 0.37421875 0.5375 0.0625 0.825
1 0.43359375 0.540625 0.0625 0.80625
1 0.0578125 0.553125 0.0296875 0.78125
1 0.4890625 0.578125 0.0484375 0.73125
1 0.85234375 0.584375 0.03515625 0.75625
1 0.2984375 0.5875 0.02421875 0.7125