1 0.54765625 0.64609375 0.31796875 0.08359375
1 0.54765625 0.75 0.31796875 0.096875
1 0.54921875 0.846875 0.31484375 0.096875
1 0.54765625 0.9515625 0.31796875 0.096875
1 0.54921875 0.33359375 0.29375 0.08359375
1 0.54609375 0.434375 0.31484375 0.13203125
1 0.03359375 0.5625 0.03515625 0.846875
1 0.54921875 0.5625 0.31484375 0.1109375
1 0.853125 0.5625 0.04921875 0.875
1 0.1125 0.565625 0.040625 0.8265625
1 0.15234375 0.565625 0.03828125 0.8265625
1 0.20234375 0.56953125 0.05703125 0.846875
1 0.8875 0.57265625 0.03515625 0.8265625
1 0.93046875 0.5796875 0.04609375 0.8265625
1 0.9765625 0.5796875 0.04609375 0.8265625
1 0.290625 0.58359375 0.04921875 0.81953125
1 0.77578125 0.58671875 0.040625 0.8125
1 0.81484375 0.6078125 0.0328125 0.75703125
1 0.3734375 0.61484375 0.040625 0.74296875
1 0.0734375 0.61484375 0.03828125 0.72890625
1 0.25 0.61796875 0.03828125 0.75
1 0.3359375 0.62109375 0.040625 0.7578125
1 0.73359375 0.621875 0.04375 0.74296875