1 0.0765625 0.57578125 0.0671875 0.8078125
1 0.88671875 0.57578125 0.0484375 0.76796875
1 0.25546875 0.58046875 0.0578125 0.7875
1 0.92734375 0.5859375 0.03359375 0.778125
1 0.19609375 0.58828125 0.06171875 0.79296875
1 0.31171875 0.58828125 0.0578125 0.803125
1 0.36796875 0.590625 0.05546875 0.79765625
1 0.78984375 0.590625 0.04453125 0.76796875
1 0.96640625 0.590625 0.059375 0.79765625
1 0.61875 0.59375 0.0375 0.77265625
1 0.7078125 0.59375 0.04453125 0.77265625
1 0.53359375 0.59609375 0.040625 0.74765625
1 0.140625 0.59609375 0.06171875 0.76796875
1 0.415625 0.60078125 0.05 0.70703125
1 0.4546875 0.60078125 0.0390625 0.76796875
1 0.49140625 0.60078125 0.03515625 0.76796875
1 0.75078125 0.60078125 0.0484375 0.76796875
1 0.8375 0.60390625 0.04609375 0.73203125
1 0.578125 0.60859375 0.04453125 0.721875
1 0.6625 0.6109375 0.04609375 0.74765625