1 0.4015625 0.60625 0.0421875 0.7375
1 0.0140625 0.615625 0.02734375 0.70625
1 0.2203125 0.621875 0.11484375 0.69375
1 0.5546875 0.6375 0.0203125 0.6875
1 0.36015625 0.640625 0.03984375 0.66875
1 0.90859375 0.640625 0.0578125 0.63125
1 0.3078125 0.646875 0.0546875 0.64375
1 0.46015625 0.646875 0.03515625 0.63125
1 0.53125 0.646875 0.0375 0.65625
1 0.4953125 0.65 0.03515625 0.6375
1 0.07734375 0.653125 0.03515625 0.61875
1 0.04375 0.675 0.0375 0.6125
1 0.42734375 0.69375 0.0203125 0.55
1 0.1171875 0.69375 0.03984375 0.575
1 0.82109375 0.7 0.0375 0.55
1 0.8609375 0.7 0.0421875 0.5625
1 0.7015625 0.565625 0.07265625 0.83125
1 0.77265625 0.565625 0.0703125 0.85625
1 0.14765625 0.575 0.03515625 0.7875
1 0.5859375 0.58125 0.04765625 0.7875
1 0.64140625 0.584375 0.05234375 0.79375