1 0.9234375 0.63671875 0.02890625 0.63125
1 0.16015625 0.63671875 0.02890625 0.64296875
1 0.2796875 0.63984375 0.03359375 0.6484375
1 0.984375 0.63984375 0.03125 0.63671875
1 0.39296875 0.64296875 0.03671875 0.63125
1 0.5765625 0.64296875 0.03359375 0.61875
1 0.63671875 0.64296875 0.0234375 0.61875
1 0.6703125 0.64296875 0.03359375 0.61875
1 0.740625 0.64296875 0.02890625 0.60703125
1 0.77890625 0.64296875 0.03125 0.61875
1 0.88671875 0.64296875 0.03359375 0.63125
1 0.81015625 0.64609375 0.02578125 0.61328125
1 0.84921875 0.64609375 0.04140625 0.625
1 0.9546875 0.64609375 0.02890625 0.63671875
1 0.36484375 0.6484375 0.02578125 0.60703125
1 0.43125 0.6484375 0.03359375 0.64296875
1 0.6109375 0.6484375 0.02890625 0.61875
1 0.09765625 0.6484375 0.03359375 0.61875
1 0.1890625 0.6484375 0.0234375 0.60703125
1 0.21484375 0.6484375 0.0234375 0.5953125
1 0.24375 0.6484375 0.03359375 0.61875
1 0.7109375 0.6515625 0.03671875 0.6015625
1 0.12890625 0.6515625 0.0234375 0.61328125
1 0.32578125 0.6546875 0.046875 0.60703125
1 0.05078125 0.6546875 0.04453125 0.60703125
1 0.509375 0.6578125 0.02890625 0.6015625
1 0.54453125 0.6578125 0.03125 0.6015625
1 0.4703125 0.6609375 0.0390625 0.60703125