1 0.9265625 0.53984375 0.02734375 0.78671875
1 0.14140625 0.54609375 0.0671875 0.8375
1 0.428125 0.55546875 0.0234375 0.83125
1 0.83203125 0.55703125 0.06328125 0.77734375
1 0.28046875 0.5640625 0.04609375 0.80234375
1 0.6859375 0.5703125 0.0625 0.7578125
1 0.76015625 0.575 0.075 0.77421875
1 0.4828125 0.5765625 0.0359375 0.7703125
1 0.6265625 0.5796875 0.01953125 0.7515625
1 0.18828125 0.5828125 0.04609375 0.77734375
1 0.36875 0.584375 0.040625 0.7484375
1 0.50390625 0.584375 0.02578125 0.7609375
1 0.5953125 0.584375 0.053125 0.7484375
1 0.33125 0.5859375 0.04921875 0.7453125
1 0.5171875 0.5859375 0.0296875 0.7453125
1 0.5359375 0.5859375 0.03203125 0.7453125
1 0.44453125 0.590625 0.03046875 0.7421875
1 0.40625 0.5921875 0.04296875 0.7453125
1 0.6484375 0.5921875 0.02265625 0.71953125
1 0.88828125 0.5921875 0.04296875 0.70078125
1 0.30546875 0.59375 0.02421875 0.72265625
1 0.4609375 0.59375 0.0359375 0.7421875
1 0.2328125 0.603125 0.053125 0.72265625
1 0.06796875 0.603125 0.04375 0.78046875
1 0.55546875 0.60859375 0.02265625 0.70078125
1 0.95859375 0.62265625 0.03359375 0.62734375
1 0.0984375 0.63203125 0.02734375 0.71015625
1 0.98671875 0.66015625 0.0265625 0.5828125