1 0.2265625 0.61015625 0.04140625 0.63671875
1 0.12890625 0.61875 0.02578125 0.60703125
1 0.98984375 0.621875 0.0203125 0.61328125
1 0.31875 0.625 0.03046875 0.60703125
1 0.740625 0.625 0.04140625 0.60703125
1 0.88828125 0.625 0.03359375 0.5953125
1 0.70078125 0.628125 0.03828125 0.5890625
1 0.784375 0.628125 0.04609375 0.625
1 0.85625 0.63125 0.03046875 0.5953125
1 0.03984375 0.63359375 0.028125 0.57734375
1 0.2765625 0.63671875 0.0234375 0.58359375
1 0.61953125 0.63984375 0.0359375 0.57734375
1 0.659375 0.63984375 0.03828125 0.5890625
1 0.51796875 0.6484375 0.04375 0.559375
1 0.55234375 0.6484375 0.03046875 0.54765625
1 0.9640625 0.6484375 0.0359375 0.559375
1 0.58515625 0.6515625 0.028125 0.55390625
1 0.92578125 0.6546875 0.0359375 0.54765625
1 0.25703125 0.6640625 0.0203125 0.5296875
1 0.09921875 0.68125 0.028125 0.50625
1 0.17578125 0.51171875 0.0640625 0.83359375
1 0.36640625 0.5359375 0.059375 0.7859375
1 0.42265625 0.5390625 0.059375 0.76796875
1 0.065625 0.55078125 0.028125 0.74375
1 0.47578125 0.57421875 0.04609375 0.69609375
1 0.82109375 0.58046875 0.03359375 0.7203125
1 0.29453125 0.58359375 0.0234375 0.67890625