1 0.50859375 0.640625 0.07109375 0.70703125
1 0.57421875 0.64609375 0.0609375 0.7078125
1 0.16015625 0.646875 0.06796875 0.6953125
1 0.44375 0.64921875 0.0578125 0.70078125
1 0.62890625 0.64921875 0.040625 0.68984375
1 0.284375 0.64921875 0.0578125 0.68984375
1 0.39140625 0.65234375 0.04765625 0.6953125
1 0.33671875 0.65234375 0.0546875 0.6953125
1 0.03359375 0.6546875 0.0671875 0.690625
1 0.0984375 0.65234375 0.0609375 0.6953125
1 0.675 0.6609375 0.0578125 0.678125
1 0.865625 0.6609375 0.078125 0.678125
1 0.94375 0.6609375 0.07109375 0.678125
1 0.22421875 0.6578125 0.0546875 0.68359375
1 0.80078125 0.6578125 0.0578125 0.68359375
1 0.73203125 0.66328125 0.0578125 0.6734375