1 0.2359375 0.6203125 0.05703125 0.759375
1 0.29375 0.6296875 0.065625 0.740625
1 0.94453125 0.6328125 0.08828125 0.69453125
1 0.17734375 0.6265625 0.059375 0.746875
1 0.01015625 0.64921875 0.01953125 0.675
1 0.46015625 0.659375 0.0453125 0.66875
1 0.046875 0.6625 0.04296875 0.6625
1 0.13046875 0.66875 0.05078125 0.6625
1 0.78828125 0.671875 0.04296875 0.64296875
1 0.99140625 0.671875 0.0171875 0.65546875
1 0.08671875 0.66875 0.04296875 0.6625
1 0.71484375 0.67890625 0.0484375 0.6296875
1 0.66796875 0.678125 0.0453125 0.64375
1 0.8734375 0.678125 0.059375 0.64375
1 0.415625 0.68125 0.071875 0.6375
1 0.5 0.68515625 0.03984375 0.6296875
1 0.57421875 0.68515625 0.05078125 0.60390625
1 0.62109375 0.68125 0.0484375 0.6375
1 0.53671875 0.68828125 0.028125 0.6234375
1 0.7515625 0.69453125 0.02578125 0.584375
1 0.35234375 0.68828125 0.05703125 0.6234375
1 0.825 0.7109375 0.04296875 0.56484375