1 0.10546875 0.5703125 0.06015625 0.76953125
1 0.15234375 0.5703125 0.03359375 0.83359375
1 0.18125 0.5734375 0.0390625 0.77578125
1 0.63671875 0.60234375 0.0546875 0.71796875
1 0.50390625 0.61875 0.0546875 0.71171875
1 0.45078125 0.621875 0.05703125 0.65390625
1 0.3109375 0.625 0.02890625 0.66015625
1 0.83046875 0.625 0.04140625 0.6859375
1 0.87109375 0.628125 0.04453125 0.6796875
1 0.015625 0.63125 0.03125 0.71171875
1 0.05234375 0.63125 0.04140625 0.71171875
1 0.35 0.64453125 0.0546875 0.634375
1 0.5484375 0.64453125 0.04453125 0.66015625
1 0.68359375 0.64765625 0.04453125 0.64140625
1 0.584375 0.65078125 0.04453125 0.634375
1 0.4 0.70859375 0.06015625 0.53203125
1 0.271875 0.5609375 0.0546875 0.8140625
1 0.22265625 0.5640625 0.04921875 0.8203125
1 0.75546875 0.5671875 0.09921875 0.78828125