1 0.2734375 0.6078125 0.0515625 0.7015625
1 0.32578125 0.6078125 0.059375 0.66640625
1 0.91640625 0.6109375 0.0796875 0.62578125
1 0.2203125 0.6109375 0.05390625 0.684375
1 0.0515625 0.62578125 0.0515625 0.6078125
1 0.4765625 0.634375 0.04140625 0.60234375
1 0.1015625 0.6375 0.03828125 0.596875
1 0.98828125 0.64296875 0.0234375 0.58515625
1 0.178125 0.64296875 0.04609375 0.596875
1 0.77421875 0.64609375 0.03828125 0.57890625
1 0.96640625 0.64609375 0.03125 0.590625
1 0.1375 0.64921875 0.03828125 0.6078125
1 0.7078125 0.65234375 0.04375 0.5671875
1 0.66484375 0.6546875 0.04140625 0.58515625
1 0.8515625 0.6546875 0.05390625 0.58515625
1 0.43671875 0.6578125 0.0640625 0.57890625
1 0.5125 0.6578125 0.0359375 0.5671875
1 0.5796875 0.6578125 0.04609375 0.54375
1 0.62265625 0.6578125 0.04375 0.57890625
1 0.54609375 0.6640625 0.02578125 0.5671875
1 0.740625 0.66640625 0.0234375 0.5265625
1 0.37890625 0.66953125 0.0515625 0.57890625
1 0.8078125 0.68125 0.03828125 0.50859375