1 0.5140625 0.4734375 0.0546875 0.8265625
1 0.603125 0.4734375 0.0390625 0.8
1 0.678125 0.4765625 0.04921875 0.80703125
1 0.8765625 0.4796875 0.04453125 0.81328125
1 0.921875 0.48359375 0.05703125 0.79296875
1 0.646875 0.48671875 0.04453125 0.8
1 0.36875 0.48984375 0.04921875 0.7796875
1 0.40390625 0.48984375 0.03671875 0.79296875
1 0.55859375 0.48984375 0.04921875 0.7796875
1 0.72890625 0.48984375 0.0625 0.79296875
1 0.821875 0.48984375 0.0703125 0.7796875
1 0.11953125 0.48984375 0.02109375 0.7796875
1 0.459375 0.496875 0.06015625 0.79296875
1 0.77734375 0.496875 0.06015625 0.79296875
1 0.04140625 0.5 0.03671875 0.8
1 0.08046875 0.5 0.03671875 0.78671875
1 0.15 0.5 0.02890625 0.7734375
1 0.25234375 0.503125 0.078125 0.79296875
1 0.3203125 0.503125 0.0625 0.79296875
1 0.1890625 0.51015625 0.0390625 0.76640625