1 0.39140625 0.51796875 0.06015625 0.85234375
1 0.8375 0.51796875 0.209375 0.83828125
1 0.7234375 0.525 0.065625 0.86640625
1 0.49609375 0.528125 0.034375 0.859375
1 0.44765625 0.53203125 0.05234375 0.85234375
1 0.13515625 0.5390625 0.0390625 0.82421875
1 0.5484375 0.5421875 0.07578125 0.8171875
1 0.17578125 0.5421875 0.046875 0.803125
1 0.603125 0.54609375 0.04453125 0.83828125
1 0.03671875 0.54609375 0.05234375 0.82421875
1 0.090625 0.54609375 0.04453125 0.81015625
1 0.32421875 0.54921875 0.0890625 0.83125
1 0.2421875 0.55625 0.09140625 0.83125
1 0.6515625 0.56015625 0.0734375 0.83828125