1 0.23984375 0.64140625 0.0578125 0.7171875
1 0.2984375 0.65078125 0.065625 0.6984375
1 0.95703125 0.6640625 0.0828125 0.671875
1 0.18046875 0.64765625 0.0609375 0.70390625
1 0.01015625 0.67734375 0.0203125 0.64453125
1 0.46796875 0.684375 0.04609375 0.63125
1 0.04765625 0.6875 0.04296875 0.625
1 0.1328125 0.690625 0.05234375 0.61875
1 0.8015625 0.696875 0.04375 0.60625
1 0.08828125 0.690625 0.04296875 0.61875
1 0.7265625 0.70390625 0.04921875 0.5921875
1 0.67890625 0.70078125 0.04609375 0.5984375
1 0.8890625 0.70078125 0.0609375 0.5984375
1 0.4234375 0.70390625 0.071875 0.5921875
1 0.50859375 0.70703125 0.040625 0.58515625
1 0.5828125 0.71328125 0.053125 0.5734375
1 0.63125 0.70390625 0.04921875 0.5921875
1 0.54609375 0.71015625 0.02890625 0.57890625
1 0.7640625 0.7234375 0.02578125 0.55234375
1 0.35859375 0.71015625 0.0578125 0.57890625
1 0.83984375 0.73671875 0.04296875 0.5265625