5 0.553131 0.611536 0.747548 0.436058
3 0.469805 0.345101 0.121502 0.096812
3 0.789006 0.343652 0.092671 0.118261
5 0.624257 0.345681 0.216233 0.095652
3 0.563506 0.275826 0.092671 0.045217
3 0.182524 0.306841 0.098849 0.072464
3 0.279829 0.299594 0.093701 0.068406
3 0.343669 0.259594 0.062811 0.046377
3 0.263869 0.247420 0.059721 0.027826
3 0.346243 0.227478 0.041187 0.005797
3 0.439429 0.247768 0.048395 0.042899
3 0.406994 0.255884 0.028831 0.048696
4 0.356025 0.187826 0.287281 0.057971
3 0.163475 0.255942 0.064870 0.008696
5 0.176901 0.269903 0.268575 0.017874
5 0.335946 0.233855 0.117384 0.011594
4 0.786946 0.192870 0.049425 0.123710
3 0.051339 0.304444 0.102678 0.070531
3 0.058059 0.260966 0.051484 0.012560
3 0.015300 0.247923 0.030600 0.036715
